
	### RESULTS ###

Results for primary observable n. 1:
         value: 2.390014732431999e-02
         error: 2.117166368972318e-05
error of error: 2.286147577024734e-06
   naive error: 1.980464322548090e-06
      variance: 9.805597332214668e-08
       tau_int: 5.688889721098008e+01
 tau_int error: 1.102203502738453e+01
         W_opt: 291
         t_max: 582
         Q_val: 8.675500293012306e-01


Results for primary observable n. 2:
         value: 8.927767156120010e-02
         error: 2.101777536148098e-05
error of error: 4.594199166464211e-06
   naive error: 7.787227847033108e-07
      variance: 1.516022938540198e-08
       tau_int: 3.548090528466339e+02
 tau_int error: 1.300512165249445e+02
         W_opt: 1194
         t_max: 2388
         Q_val: 8.607427314002095e-01


Results for primary observable n. 3:
         value: 4.805801541984001e-01
         error: 4.839184009198805e-07
error of error: 8.923014421965844e-09
   naive error: 3.485696754195374e-07
      variance: 3.037520465552040e-09
       tau_int: 9.636492463404556e-01
 tau_int error: 3.346258820098813e-02
         W_opt: 8
         t_max: 16
         Q_val: 3.196652445036641e-05

